"Impala"	"Hartebeest"	"Wildebeest"	"Topi"	"Plains_zebra"	"Thomsons _gazelle"	"Grants_gazelle"	"Buffalo"
54.5714285714286	23.7357142857143	19.2119047619048	27.9857142857143	14.5928571428571	86	55.4166666666667	13.4857142857143
62.5833333333333	20.2166666666667	32.1	29.8333333333333	10.4	94.75	62.0166666666667	16.1
71.1287878787879	28.7121212121212	31.480303030303	33.8787878787879	7.47424242424242	96.5	61.6878787878788	30.1378787878788
73.2583333333333	38.925	38.8583333333333	51.825	4.325	93.875	62.425	38.5083333333333
75.75	35.65	45.6	51.4833333333333	4	89.5	68.5	39.5166666666667
78.4702380952381	44.4535714285714	54.0964285714286	59.0369047619048	3.90833333333333	86.875	59.1130952380952	43.0464285714286
84.125	36.6916666666667	56.525	55.275	5.075	92.125	65.125	57.0583333333333
79.875	26.2083333333333	41.5416666666667	50.2916666666667	8.95833333333333	81.625	62.375	61.125
30	11	13.5	22.5	10	30	20	23
